Scrivere il numero di input
25
Scrivere i numeri di cui trovare il corrispettivo nella sequenza di Fibonacci
40 17 53 55 59 85 14 10 66 29 56 39 22 35 29 8 61 13 22 11 77 59 49 11 23
F(40) = 102334155
F(17) = 1597
F(53) = 53316291173
F(55) = 139583862445
F(59) = 956722026041
F(85) = 2.5969549691112e+017
F(14) = 377
F(10) = 55
F(66) = 27777890035288
F(29) = 514229
F(56) = 225851433717
F(39) = 63245986
F(22) = 17711
F(35) = 9227465
F(29) = 514229
F(8) = 21
F(61) = 2504730781961
F(13) = 233
F(22) = 17711
F(11) = 89
F(77) = 5.5279397008848e+015
F(59) = 956722026041
F(49) = 7778742049
F(11) = 89
F(23) = 28657
Somma di tutte le cifre dei numeri = 890