Scrivere il numero di input
50
Scrivere i numeri di cui trovare il corrispettivo nella sequenza di Fibonacci
62 68 6 8 43 24 1 21 19 56 45 30 18 23 14 83 38 76 55 27 41 20 35 63 4 54 5 32 67 47 3 19 71 60 43 17 87 77 77 77 26 69 55 73 56 9 38 64 27 66
F(62) = 4052739537881
F(68) = 72723460248141
F(6) = 8
F(8) = 21
F(43) = 433494437
F(24) = 46368
F(1) = 1
F(21) = 10946
F(19) = 4181
F(56) = 225851433717
F(45) = 1134903170
F(30) = 832040
F(18) = 2584
F(23) = 28657
F(14) = 377
F(83) = 9.9194853094755e+016
F(38) = 39088169
F(76) = 3.4164546229067e+015
F(55) = 139583862445
F(27) = 196418
F(41) = 165580141
F(20) = 6765
F(35) = 9227465
F(63) = 6557470319842
F(4) = 3
F(54) = 86267571272
F(5) = 5
F(32) = 2178309
F(67) = 44945570212853
F(47) = 2971215073
F(3) = 2
F(19) = 4181
F(71) = 3.0806152117013e+014
F(60) = 1548008755920
F(43) = 433494437
F(17) = 1597
F(87) = 6.7989163763861e+017
F(77) = 5.5279397008848e+015
F(77) = 5.5279397008848e+015
F(77) = 5.5279397008848e+015
F(26) = 121393
F(69) = 1.1766903046099e+014
F(55) = 139583862445
F(73) = 8.0651553304939e+014
F(56) = 225851433717
F(9) = 34
F(38) = 39088169
F(64) = 10610209857723
F(27) = 196418
F(66) = 27777890035288
Somma di tutte le cifre dei numeri = 1997