Scrivere il numero di input
100
Scrivere i numeri di cui trovare il corrispettivo nella sequenza di Fibonacci
74 85 74 42 39 84 77 1 32 14 38 37 4 37 36 64 39 54 71 36 33 56 46 48 67 65 56 61 42 79 54 88 7 21 72 19 29 65 54 1 27 23 20 11 4 9 83 44 9 53 23 53 58 47 3 35 31 87 17 73 75 62 38 46 40 64 9 1 62 70 29 8 17 25 24 12 72 66 73 20 87 52 2 79 3 10 21 6 12 32 24 47 38 13 23 86 80 58 2 89
F(74) = 1.3049695449287e+015
F(85) = 2.5969549691112e+017
F(74) = 1.3049695449287e+015
F(42) = 267914296
F(39) = 63245986
F(84) = 1.6050064381637e+017
F(77) = 5.5279397008848e+015
F(1) = 1
F(32) = 2178309
F(14) = 377
F(38) = 39088169
F(37) = 24157817
F(4) = 3
F(37) = 24157817
F(36) = 14930352
F(64) = 10610209857723
F(39) = 63245986
F(54) = 86267571272
F(71) = 3.0806152117013e+014
F(36) = 14930352
F(33) = 3524578
F(56) = 225851433717
F(46) = 1836311903
F(48) = 4807526976
F(67) = 44945570212853
F(65) = 17167680177565
F(56) = 225851433717
F(61) = 2504730781961
F(42) = 267914296
F(79) = 1.4472334024676e+016
F(54) = 86267571272
F(88) = 1.1000877783661e+018
F(7) = 13
F(21) = 10946
F(72) = 4.9845401187926e+014
F(19) = 4181
F(29) = 514229
F(65) = 17167680177565
F(54) = 86267571272
F(1) = 1
F(27) = 196418
F(23) = 28657
F(20) = 6765
F(11) = 89
F(4) = 3
F(9) = 34
F(83) = 9.9194853094755e+016
F(44) = 701408733
F(9) = 34
F(53) = 53316291173
F(23) = 28657
F(53) = 53316291173
F(58) = 591286729879
F(47) = 2971215073
F(3) = 2
F(35) = 9227465
F(31) = 1346269
F(87) = 6.7989163763861e+017
F(17) = 1597
F(73) = 8.0651553304939e+014
F(75) = 2.1114850779781e+015
F(62) = 4052739537881
F(38) = 39088169
F(46) = 1836311903
F(40) = 102334155
F(64) = 10610209857723
F(9) = 34
F(1) = 1
F(62) = 4052739537881
F(70) = 1.9039249070914e+014
F(29) = 514229
F(8) = 21
F(17) = 1597
F(25) = 75025
F(24) = 46368
F(12) = 144
F(72) = 4.9845401187926e+014
F(66) = 27777890035288
F(73) = 8.0651553304939e+014
F(20) = 6765
F(87) = 6.7989163763861e+017
F(52) = 32951280099
F(2) = 1
F(79) = 1.4472334024676e+016
F(3) = 2
F(10) = 55
F(21) = 10946
F(6) = 8
F(12) = 144
F(32) = 2178309
F(24) = 46368
F(47) = 2971215073
F(38) = 39088169
F(13) = 233
F(23) = 28657
F(86) = 4.2019614072749e+017
F(80) = 2.3416728348468e+016
F(58) = 591286729879
F(2) = 1
F(89) = 1.7799794160047e+018
Somma di tutte le cifre dei numeri = 3926